1509294900960066
7204315503878159
3406280529286517
7273935697798004
4560612419350680
4404268513358203
8848728750986358
2883440351895167
6961723193391123
8026419467214372
5008222023801977
3102248876067910
8525680767393616
3221042330898003
7057603141934226
1353862414532005
3222374562566665
6419067658967778
1950470674042645
2426906242843765
7760219759813661
6880160249263144
9863249995224235
7149081132909109
8009374693903397
9079608448928851
3687048436258064
5048248398661310
0666138903452463
4067245164399178
4756058389204564
2026175884338340
7623756851705734
6776235915192672
3867411698026346
8711030043086711
9226460532838417
0763948174052925
2093718148536940
3189560061312056
0176904550618260
2892051287737605
3059175688114916
9971202585286967
6757643514545952
1188741573332436
4862700714316793
2474284374033405
5927149543717327
7380100778286872
1481711809642466
7169868426858404
1770068905157044
9364148865735922
4996329322985052
9251744731557116
0571678709945880
8215976645016606
7666576260448993
1967754065410160
7924815022468819
2391150803081508
2582665858245251
5817572789554762
4555502637063821
9253979377483705
7686768230673663
2139844843936516
7255799414696127
8315600067791313
6130644232718610
5098459926660322
6471708974806517
5699746686380656
8669316016614005
5022093326416720
8809843174160878
8129813828982829
0477458434260268
0974011233679396
